43,3
43,2
43,1
43,0
0,485
0,484
0,483
0,482
0,481
0,480
0,479
0,478
42,3
42,2
42,1
42,0
0,477
41,3
41,2
0,476
41,1
41,0
0,475
0,474
0,473
0,472
40,5
0,471
0,470
40,4
0,469
0,468
40,3
40,2
0,467
40,1
40,0
0,466
0,465
39,4
0,464
0,463
0,462
39,3
39,2
0,461
39,1
39,0
0,460
0,459
0,458
38,3
38,2
38,1
38,0
37,3
37,2
37,1
37,0
36,4
0,457
0,456
36,3
36,2
0,455
36,1
36,0
0,454
0,453
35,3
35,2
0,452
35,1
35,0
0,451
0,450
0,449
0,448
0,447
0,446
0,445
0,444
0,443
0,442
0,441
0,440
0,439
0,438
0,437
0,436
0,435
0,434
0,433
0,432
0,431
0,430
0,429
0,428
0,427
0,426
0,425
0,424
0,423
0,422
0,421
0,420
0,419
0,418
0,417
0,416
34,3
34,2
0,415
34,1
34,0
0,414
0,413
0,412
0,411
0,410
0,409
0,408
0,407
33,3
33,2
0,406
33,1
33,0
0,405
0,404
0,403
0,402
0,401
32,3
